0 0.546354 0.123333 0.541146 0.122000 0.531771 0.114000 0.524740 0.093333 0.522135 0.076000 0.518490 0.062667 0.513542 0.059333 0.510677 0.050667 0.511198 0.034667 0.513542 0.026000 0.518750 0.027333 0.530208 0.003333 0.540625 0.000000 0.542448 0.000000 0.544792 0.000000 0.547917 0.000000 0.555729 0.000000 0.559896 0.000000 0.567708 0.006000 0.573698 0.028000 0.576823 0.050667 0.575260 0.073333 0.566667 0.103333 0.560937 0.112667
0 0.577083 0.667333 0.550521 0.664667 0.537500 0.652667 0.506250 0.590000 0.498958 0.586000 0.486979 0.556667 0.479167 0.551333 0.466406 0.524000 0.465885 0.513333 0.479167 0.488667 0.502604 0.475333 0.511979 0.464667 0.521615 0.442667 0.525521 0.424667 0.539062 0.412667 0.554688 0.411333 0.560417 0.400667 0.580729 0.419333 0.585417 0.408667 0.593229 0.412667 0.600781 0.436000 0.600781 0.469333 0.592187 0.479333 0.583854 0.472667 0.576823 0.512000 0.565104 0.530000 0.562760 0.541333 0.567708 0.564667 0.577604 0.563333 0.585156 0.572000 0.587760 0.649333 0.585417 0.658000
0 0.528125 0.340667 0.522917 0.340667 0.520312 0.338000 0.515625 0.323333 0.510938 0.318000 0.508594 0.312000 0.506510 0.301333 0.505990 0.290667 0.510156 0.281333 0.510677 0.276000 0.513542 0.268667 0.520312 0.255333 0.525000 0.248667 0.531771 0.248667 0.536979 0.252667 0.544531 0.264000 0.545573 0.269333 0.545573 0.294667 0.543490 0.310667 0.535937 0.323333 0.531250 0.336667
0 0.526042 0.342000 0.520312 0.339333 0.515625 0.324667 0.509896 0.316667 0.502604 0.282000 0.498958 0.286000 0.494271 0.286000 0.489323 0.273333 0.487760 0.233333 0.488281 0.221333 0.486719 0.212000 0.486719 0.194667 0.484115 0.180000 0.484635 0.170667 0.488021 0.160667 0.494271 0.155333 0.498958 0.155333 0.502604 0.160667 0.506771 0.152667 0.520833 0.172667 0.526823 0.192000 0.530469 0.220000 0.530469 0.229333 0.525781 0.244000 0.528646 0.248667 0.534896 0.250000 0.546094 0.281333 0.542969 0.312000 0.536979 0.322000 0.532292 0.335333
0 0.558854 1.000000 0.549479 1.000000 0.541667 1.000000 0.540104 1.000000 0.537500 1.000000 0.533854 1.000000 0.529948 1.000000 0.529948 0.997333 0.530990 0.994667 0.532031 0.981333 0.534115 0.974667 0.534115 0.960000 0.533073 0.952000 0.533594 0.938667 0.531510 0.916000 0.531510 0.902667 0.532552 0.897333 0.537500 0.888667 0.542188 0.886000 0.552083 0.875333 0.556771 0.874000 0.560417 0.874000 0.567708 0.879333 0.572396 0.888667 0.576562 0.892667 0.578385 0.900000 0.579948 0.917333 0.583333 0.927333 0.587240 0.933333 0.588281 0.940000 0.587760 0.946667 0.585938 0.951333 0.582031 0.954667 0.581510 0.974667 0.577865 0.993333 0.569792 1.000000
0 0.507292 0.447333 0.506250 0.447333 0.503906 0.441333 0.502865 0.434667 0.502865 0.425333 0.499740 0.404000 0.499740 0.397333 0.499219 0.396000 0.499219 0.388000 0.498698 0.386667 0.499219 0.373333 0.502083 0.366000 0.506250 0.360667 0.509375 0.359333 0.514062 0.352667 0.518229 0.352667 0.520833 0.356667 0.526042 0.360667 0.529427 0.369333 0.530469 0.384000 0.533594 0.393333 0.533594 0.404000 0.532292 0.408667 0.526042 0.415333 0.518750 0.430000 0.515625 0.432667 0.513021 0.439333 0.510938 0.440667
0 0.595313 0.580667 0.594271 0.580667 0.593750 0.579333 0.590625 0.579333 0.588542 0.576667 0.586719 0.572000 0.586719 0.569333 0.586198 0.568000 0.586198 0.549333 0.586719 0.548000 0.586719 0.544000 0.587240 0.542667 0.588281 0.532000 0.589323 0.529333 0.589323 0.528000 0.593229 0.518000 0.593750 0.518000 0.596354 0.512667 0.598437 0.510000 0.601042 0.510000 0.604167 0.514000 0.607031 0.521333 0.607552 0.526667 0.608073 0.528000 0.608073 0.545333 0.607031 0.550667 0.604948 0.556000 0.602865 0.568000 0.598437 0.578000 0.597396 0.579333 0.595833 0.579333
0 0.447917 0.464667 0.440104 0.458000 0.436719 0.442667 0.437760 0.424000 0.442448 0.410667 0.430208 0.404667 0.425260 0.393333 0.423698 0.362667 0.421615 0.352000 0.422135 0.312000 0.420052 0.294667 0.420052 0.281333 0.423177 0.264000 0.431771 0.247333 0.435417 0.243333 0.440104 0.244667 0.444271 0.239333 0.452083 0.239333 0.468750 0.260667 0.469531 0.274667 0.480990 0.293333 0.485677 0.366667 0.484635 0.378667 0.478385 0.405333 0.475521 0.412667 0.465104 0.423333 0.452604 0.462000
0 0.459896 1.000000 0.451042 1.000000 0.446615 1.000000 0.437240 1.000000 0.434635 0.970667 0.432292 0.964667 0.426042 0.960667 0.423698 0.952000 0.422656 0.929333 0.425781 0.913333 0.425781 0.880000 0.427344 0.870667 0.429688 0.867333 0.432812 0.864667 0.436458 0.870000 0.444792 0.870000 0.451042 0.879333 0.454427 0.897333 0.454427 0.909333 0.455990 0.920000 0.472656 0.974667 0.473698 0.994667 0.470573 1.000000 0.465625 1.000000
0 0.459896 0.863333 0.456771 0.863333 0.451562 0.856667 0.447656 0.845333 0.446094 0.824000 0.444271 0.820667 0.436458 0.816667 0.433073 0.805333 0.432552 0.796000 0.430729 0.791333 0.428125 0.791333 0.425521 0.787333 0.421615 0.777333 0.420052 0.770667 0.419531 0.761333 0.421094 0.740000 0.423438 0.732667 0.429167 0.728667 0.435417 0.719333 0.443229 0.723333 0.448958 0.730000 0.455208 0.748667 0.458854 0.752667 0.466927 0.770667 0.469531 0.786667 0.469531 0.814667 0.472135 0.834667 0.471094 0.842667 0.466667 0.855333
0 0.448437 0.234000 0.446875 0.234000 0.441667 0.228667 0.438542 0.228667 0.436458 0.231333 0.432812 0.230000 0.427865 0.218667 0.425781 0.209333 0.425260 0.204000 0.425781 0.193333 0.427344 0.186667 0.428646 0.183333 0.431250 0.180667 0.433073 0.176000 0.434635 0.168000 0.436979 0.162000 0.438542 0.160667 0.443229 0.148667 0.446875 0.150000 0.449479 0.154000 0.452083 0.155333 0.454688 0.160667 0.459896 0.166000 0.463802 0.182667 0.463802 0.193333 0.458333 0.208667 0.455469 0.213333 0.452865 0.225333 0.452865 0.228000 0.451042 0.232667 0.448958 0.232667
0 0.437249 0.527711 0.431601 0.548594 0.431601 0.572691 0.427836 0.587149 0.422816 0.598394 0.423444 0.619277 0.427209 0.638554 0.422816 0.646586 0.419051 0.667470 0.419051 0.677108 0.420306 0.696386 0.426581 0.701205 0.435366 0.694779 0.441014 0.693173 0.446662 0.699598 0.454819 0.714056 0.455447 0.731727 0.462349 0.747791 0.469880 0.765462 0.473017 0.744578 0.481802 0.751004 0.487450 0.763855 0.496862 0.776707 0.503765 0.759036 0.505020 0.747791 0.511923 0.730120 0.516315 0.728514 0.524473 0.733333 0.529493 0.734940 0.537651 0.731727 0.531376 0.715663 0.524473 0.691566 0.523218 0.691566 0.521963 0.673896 0.520708 0.653012 0.515060 0.636948 0.509413 0.641767 0.505648 0.656225 0.503138 0.664257 0.498745 0.673896 0.489960 0.662651 0.476782 0.685141 0.472390 0.693173 0.461094 0.704418 0.466742 0.686747 0.467369 0.667470 0.473017 0.635341 0.473017 0.609639 0.477410 0.598394 0.486195 0.603213 0.494980 0.595181 0.494352 0.580723 0.487450 0.569478 0.481802 0.559839 0.472390 0.542169 0.462349 0.514859 0.456074 0.514859 0.453564 0.500402 0.446662 0.498795 0.439132 0.511647
0 0.560937 0.811333 0.560156 0.810667 0.558594 0.802667 0.554948 0.793333 0.554427 0.790667 0.554427 0.784000 0.552865 0.774667 0.552865 0.762667 0.553385 0.761333 0.553385 0.757333 0.554948 0.749333 0.558854 0.740667 0.560937 0.738000 0.562500 0.738000 0.563021 0.736667 0.568750 0.736667 0.572396 0.742000 0.575260 0.752000 0.575260 0.754667 0.576823 0.760000 0.577865 0.770667 0.578385 0.772000 0.578385 0.774667 0.577865 0.776000 0.577865 0.781333 0.577344 0.782667 0.576302 0.792000 0.575000 0.795333 0.568229 0.806000 0.565625 0.803333 0.563542 0.803333 0.563281 0.805333
0 0.569026 1.000000 0.574674 1.000000 0.570909 1.000000 0.561496 1.000000 0.553966 1.000000 0.553966 1.000000 0.550828 1.000000 0.538906 1.000000 0.538906 1.000000 0.545181 1.000000 0.558986 1.000000 0.572164 1.000000 0.579066 1.000000 0.580321 1.000000 0.576556 1.000000